1.003400000000000034e+02
1.083100000000000023e+02
1.094000000000000057e+02
1.048700000000000045e+02
1.060000000000000000e+02
1.079099999999999966e+02
1.061500000000000057e+02
1.020100000000000051e+02
1.023700000000000045e+02
1.002500000000000000e+02
1.015100000000000051e+02
1.000100000000000051e+02
1.015799999999999983e+02
1.022999999999999972e+02
1.023100000000000023e+02
1.053299999999999983e+02
1.075000000000000000e+02
1.114899999999999949e+02
1.120000000000000000e+02
1.139699999999999989e+02
1.174899999999999949e+02
1.193599999999999994e+02
1.178400000000000034e+02
1.183799999999999955e+02
1.208199999999999932e+02
1.198299999999999983e+02
1.182600000000000051e+02
1.268599999999999994e+02
1.310800000000000125e+02
1.295999999999999943e+02
1.325800000000000125e+02
1.350600000000000023e+02
1.383700000000000045e+02
1.370800000000000125e+02
1.388499999999999943e+02
1.377299999999999898e+02
1.352599999999999909e+02
1.374000000000000057e+02
1.409000000000000057e+02
1.420000000000000000e+02
1.441100000000000136e+02
1.491599999999999966e+02
1.479399999999999977e+02
1.404900000000000091e+02
1.493799999999999955e+02
1.724300000000000068e+02
1.874000000000000057e+02
1.818000000000000114e+02
1.859699999999999989e+02
1.933000000000000114e+02
1.906399999999999864e+02
1.960300000000000011e+02
1.948700000000000045e+02
1.916699999999999875e+02
1.846999999999999886e+02
1.693499999999999943e+02
1.725500000000000114e+02
1.686999999999999886e+02
1.678600000000000136e+02
1.830200000000000102e+02
1.820000000000000000e+02
1.848700000000000045e+02
1.725399999999999920e+02
1.725000000000000000e+02
1.675399999999999920e+02
1.694000000000000057e+02
1.650999999999999943e+02
1.675200000000000102e+02
1.747599999999999909e+02
1.793899999999999864e+02
1.810500000000000114e+02
1.819799999999999898e+02
1.799600000000000080e+02
1.794000000000000057e+02
1.804000000000000057e+02
1.762899999999999920e+02
1.714300000000000068e+02
1.699799999999999898e+02
1.734300000000000068e+02
1.716500000000000057e+02
1.704499999999999886e+02
1.786899999999999977e+02
1.797800000000000011e+02
1.764699999999999989e+02
1.800800000000000125e+02
1.850200000000000102e+02
1.837500000000000000e+02
1.863000000000000114e+02
1.879000000000000057e+02
1.919099999999999966e+02
1.927599999999999909e+02
1.929000000000000057e+02
1.975999999999999943e+02
1.927899999999999920e+02
2.027100000000000080e+02
1.945000000000000000e+02
1.935099999999999909e+02
1.885500000000000114e+02
1.938499999999999943e+02
1.950600000000000023e+02
1.935399999999999920e+02
1.953799999999999955e+02
1.953300000000000125e+02
1.999699999999999989e+02
2.039000000000000057e+02
1.973000000000000114e+02
1.939199999999999875e+02
1.882800000000000011e+02
1.807199999999999989e+02
1.771200000000000045e+02
1.892400000000000091e+02
1.880800000000000125e+02
1.903400000000000034e+02
1.956200000000000045e+02
1.919000000000000057e+02
2.059600000000000080e+02
2.108600000000000136e+02
2.043600000000000136e+02
1.960300000000000011e+02
1.986399999999999864e+02
1.915800000000000125e+02
1.879799999999999898e+02
1.874000000000000057e+02
1.929900000000000091e+02
1.952299999999999898e+02
1.984099999999999966e+02
1.979000000000000057e+02
1.979499999999999886e+02
1.913700000000000045e+02
1.939499999999999886e+02
1.888899999999999864e+02
1.858700000000000045e+02
1.879900000000000091e+02
1.860600000000000023e+02
1.851800000000000068e+02
1.870099999999999909e+02
1.859000000000000057e+02
1.888100000000000023e+02
1.851999999999999886e+02
1.813499999999999943e+02
1.799799999999999898e+02
1.778000000000000114e+02
1.749900000000000091e+02
1.786100000000000136e+02
1.755999999999999943e+02
1.792899999999999920e+02
1.800399999999999920e+02
1.808799999999999955e+02
1.785999999999999943e+02
1.789799999999999898e+02
1.792500000000000000e+02
1.814199999999999875e+02
1.795699999999999932e+02
1.804499999999999886e+02
1.805099999999999909e+02
1.800399999999999920e+02
1.852899999999999920e+02
1.885699999999999932e+02
1.892199999999999989e+02
1.937599999999999909e+02
1.920500000000000114e+02
1.932299999999999898e+02
1.939600000000000080e+02
1.929300000000000068e+02
1.914499999999999886e+02
1.850000000000000000e+02
1.869699999999999989e+02
1.914000000000000057e+02
1.980999999999999943e+02
2.042199999999999989e+02
2.158100000000000023e+02
2.235300000000000011e+02
2.187500000000000000e+02
2.197800000000000011e+02
2.194499999999999886e+02
2.200000000000000000e+02
2.222899999999999920e+02
2.261899999999999977e+02
2.285000000000000000e+02
2.269799999999999898e+02
2.280200000000000102e+02
2.260200000000000102e+02
2.278000000000000114e+02
2.312899999999999920e+02
2.287199999999999989e+02
2.292400000000000091e+02
2.310500000000000114e+02
2.331299999999999955e+02
2.391599999999999966e+02
2.391800000000000068e+02
2.416100000000000136e+02
2.554499999999999886e+02
2.560000000000000000e+02
2.608100000000000023e+02
2.591999999999999886e+02
2.660000000000000000e+02
2.772699999999999818e+02
2.880000000000000000e+02
2.878999999999999773e+02
2.802599999999999909e+02
2.909399999999999977e+02
2.931200000000000045e+02
2.795600000000000023e+02
2.863100000000000023e+02
2.825000000000000000e+02
2.827500000000000000e+02
2.783500000000000227e+02
2.748000000000000114e+02
2.774399999999999977e+02
2.803000000000000114e+02
2.866999999999999886e+02
2.878399999999999750e+02
2.893000000000000114e+02
2.897099999999999795e+02
2.972500000000000000e+02
3.041000000000000227e+02
3.020000000000000000e+02
2.927200000000000273e+02
2.941499999999999773e+02
2.912500000000000000e+02
2.957099999999999795e+02
2.915199999999999818e+02
2.955400000000000205e+02
2.962300000000000182e+02
2.933500000000000227e+02
2.917799999999999727e+02
2.988600000000000136e+02
3.008899999999999864e+02
3.011899999999999977e+02
2.995400000000000205e+02
3.098999999999999773e+02
3.120000000000000000e+02
3.139399999999999977e+02
3.023999999999999773e+02
2.958500000000000227e+02
2.960899999999999750e+02
2.969300000000000068e+02
2.935000000000000000e+02
2.877599999999999909e+02
2.916100000000000136e+02
2.991899999999999977e+02
2.973000000000000114e+02
2.977300000000000182e+02
2.923500000000000227e+02
2.912500000000000000e+02
2.915699999999999932e+02
2.856800000000000068e+02
2.840500000000000114e+02
2.897200000000000273e+02
2.840000000000000000e+02
2.856499999999999773e+02
2.851000000000000227e+02
2.799900000000000091e+02
2.800000000000000000e+02
2.740099999999999909e+02
2.795799999999999841e+02
2.825699999999999932e+02
2.825899999999999750e+02
2.835799999999999841e+02
2.884499999999999886e+02
2.872699999999999818e+02
2.860000000000000000e+02
2.862500000000000000e+02
2.884499999999999886e+02
2.871100000000000136e+02
2.948700000000000045e+02
2.953899999999999864e+02
2.990899999999999750e+02
3.097400000000000091e+02
3.116800000000000068e+02
3.030000000000000000e+02
3.026200000000000045e+02
3.001999999999999886e+02
3.037900000000000205e+02
3.079100000000000250e+02
3.118999999999999773e+02
3.113700000000000045e+02
3.153600000000000136e+02
3.142799999999999727e+02
3.139399999999999977e+02
3.060000000000000000e+02
3.096200000000000045e+02
3.164599999999999795e+02
3.186800000000000068e+02
3.110000000000000000e+02
3.107099999999999795e+02
3.127500000000000000e+02
3.129900000000000091e+02
3.106499999999999773e+02
3.061000000000000227e+02
3.009700000000000273e+02
2.974399999999999977e+02
2.961399999999999864e+02
3.050000000000000000e+02
3.032799999999999727e+02
3.086999999999999886e+02
3.031999999999999886e+02
3.398999999999999773e+02
3.486499999999999773e+02
3.469100000000000250e+02
3.554399999999999977e+02
3.530600000000000023e+02
3.581700000000000159e+02
3.721399999999999864e+02
3.793799999999999955e+02
3.796800000000000068e+02
3.859499999999999886e+02
3.904300000000000068e+02
3.950299999999999727e+02
3.898999999999999773e+02
3.791499999999999773e+02
3.911000000000000227e+02
3.903999999999999773e+02
3.969700000000000273e+02
3.928000000000000114e+02
3.981499999999999773e+02
4.034499999999999886e+02
4.002099999999999795e+02
4.093600000000000136e+02
4.164700000000000273e+02
4.228600000000000136e+02
4.286200000000000045e+02
4.234800000000000182e+02
4.035400000000000205e+02
4.049100000000000250e+02
4.140899999999999750e+02
4.176999999999999886e+02
4.058500000000000227e+02
4.045400000000000205e+02
4.042200000000000273e+02
4.106499999999999773e+02
4.091999999999999886e+02
4.126100000000000136e+02
4.174900000000000091e+02
4.189599999999999795e+02
4.225500000000000114e+02
4.301499999999999773e+02
4.246000000000000227e+02
4.297400000000000091e+02
4.263299999999999841e+02
4.320400000000000205e+02
4.309300000000000068e+02
4.246399999999999864e+02
4.266899999999999977e+02
4.201499999999999773e+02
4.148600000000000136e+02
4.352300000000000182e+02
4.452400000000000091e+02
4.512400000000000091e+02
4.656600000000000250e+02
4.668999999999999773e+02
4.697599999999999909e+02
4.716299999999999955e+02
4.636299999999999955e+02
4.662500000000000000e+02
4.671100000000000136e+02
4.449100000000000250e+02
4.364499999999999886e+02
3.994599999999999795e+02
4.275000000000000000e+02
4.430299999999999727e+02
4.330000000000000000e+02
4.342699999999999818e+02
4.334900000000000091e+02
4.268199999999999932e+02
4.326600000000000250e+02
4.017799999999999727e+02
3.960400000000000205e+02
3.815500000000000114e+02
3.851000000000000227e+02
3.679200000000000159e+02
3.690799999999999841e+02
3.587699999999999818e+02
3.626100000000000136e+02
3.456999999999999886e+02
3.433199999999999932e+02
3.423799999999999955e+02
3.664599999999999795e+02
3.687500000000000000e+02
3.665899999999999750e+02
3.654900000000000091e+02
3.780699999999999932e+02
3.773999999999999773e+02
3.903799999999999955e+02
3.626200000000000045e+02
3.648000000000000114e+02
3.764499999999999886e+02
3.781800000000000068e+02
3.681000000000000227e+02
3.644499999999999886e+02
3.538799999999999955e+02
3.430000000000000000e+02
3.375000000000000000e+02
3.370600000000000023e+02
3.511600000000000250e+02
3.445000000000000000e+02
3.387699999999999818e+02
3.397900000000000205e+02
3.481899999999999977e+02
3.399200000000000159e+02
3.402200000000000273e+02
3.418899999999999864e+02
3.658000000000000114e+02
3.696899999999999977e+02
3.771999999999999886e+02
3.949800000000000182e+02
3.884399999999999977e+02
3.900000000000000000e+02
3.896999999999999886e+02
4.043399999999999750e+02
4.079900000000000091e+02
4.111800000000000068e+02
4.061600000000000250e+02
4.163799999999999955e+02
4.096600000000000250e+02
4.089499999999999886e+02
4.021600000000000250e+02
4.068199999999999932e+02
4.042400000000000091e+02
4.105000000000000000e+02
4.150000000000000000e+02
4.371000000000000227e+02
4.405000000000000000e+02
4.271600000000000250e+02
4.259700000000000273e+02
4.200299999999999727e+02
4.179399999999999977e+02
3.988999999999999773e+02
3.948000000000000114e+02
3.941700000000000159e+02
3.947500000000000000e+02
3.943000000000000114e+02
3.947799999999999727e+02
4.088000000000000114e+02
4.029800000000000182e+02
3.870000000000000000e+02
3.741299999999999955e+02
3.761999999999999886e+02
3.713000000000000114e+02
3.745000000000000000e+02
3.709900000000000091e+02
3.700199999999999818e+02
3.709499999999999886e+02
3.755799999999999841e+02
3.812500000000000000e+02
3.829900000000000091e+02
3.813500000000000227e+02
3.719399999999999977e+02
3.718199999999999932e+02
3.826200000000000045e+02
3.794399999999999977e+02
3.744399999999999977e+02
3.899900000000000091e+02
3.865099999999999909e+02
3.933000000000000114e+02
3.865699999999999932e+02
3.815400000000000205e+02
3.865199999999999818e+02
3.843899999999999864e+02
3.910000000000000000e+02
3.906999999999999886e+02
3.881399999999999864e+02
3.871700000000000159e+02
4.021299999999999955e+02
3.999499999999999886e+02
4.048600000000000136e+02
4.042200000000000273e+02
4.023199999999999932e+02
4.061100000000000136e+02
4.178100000000000023e+02
4.193299999999999841e+02
4.231999999999999886e+02
4.214599999999999795e+02
4.231899999999999977e+02
4.204499999999999886e+02
4.181999999999999886e+02
4.245600000000000023e+02
4.172500000000000000e+02
4.088299999999999841e+02
4.035000000000000000e+02
4.078899999999999864e+02
4.030500000000000114e+02
3.990000000000000000e+02
3.871200000000000045e+02
3.901100000000000136e+02
3.908999999999999773e+02
3.893600000000000136e+02
3.855000000000000000e+02
3.823999999999999773e+02
3.881200000000000045e+02
3.866000000000000227e+02
3.755099999999999909e+02
3.672300000000000182e+02
3.753899999999999864e+02
3.738500000000000227e+02
3.779499999999999886e+02
3.810000000000000000e+02
3.769399999999999977e+02
3.741999999999999886e+02
3.685000000000000000e+02
3.694300000000000068e+02
3.809700000000000273e+02
3.877200000000000273e+02
3.858000000000000114e+02
3.833600000000000136e+02
3.773000000000000114e+02
3.782900000000000205e+02
3.734300000000000068e+02
3.737300000000000182e+02
3.732599999999999909e+02
3.809499999999999886e+02
3.789499999999999886e+02
3.807500000000000000e+02
3.785299999999999727e+02
3.786000000000000227e+02
3.843600000000000136e+02
3.801399999999999864e+02
3.784900000000000091e+02
3.778500000000000227e+02
3.840899999999999750e+02
3.918999999999999773e+02
4.065699999999999932e+02
4.039800000000000182e+02
4.098799999999999955e+02
4.146899999999999977e+02
4.038100000000000023e+02
3.970000000000000000e+02
4.068500000000000227e+02
4.037799999999999727e+02
4.039800000000000182e+02
4.068700000000000045e+02
4.029200000000000159e+02
4.035799999999999841e+02
4.018999999999999773e+02
4.014399999999999977e+02
4.040400000000000205e+02
4.156999999999999886e+02
4.118100000000000023e+02
4.205000000000000000e+02
4.290000000000000000e+02
4.266499999999999773e+02
4.265000000000000000e+02
4.274399999999999977e+02
4.273000000000000114e+02
4.217500000000000000e+02
4.206399999999999864e+02
4.193100000000000023e+02
4.260600000000000023e+02
4.596700000000000159e+02
4.807799999999999727e+02
4.733100000000000023e+02
4.866000000000000227e+02
4.851000000000000227e+02
4.751999999999999886e+02
4.765699999999999932e+02
4.763899999999999864e+02
4.675000000000000000e+02
4.699100000000000250e+02
4.718000000000000114e+02
4.769499999999999886e+02
4.725699999999999932e+02
4.750000000000000000e+02
4.726299999999999955e+02
4.735500000000000114e+02
4.810299999999999727e+02
4.893000000000000114e+02
4.919300000000000068e+02
4.958999999999999773e+02
4.987900000000000205e+02
4.950500000000000114e+02
5.096499999999999773e+02
5.080099999999999909e+02
5.050000000000000000e+02
4.847500000000000000e+02
4.895000000000000000e+02
4.846499999999999773e+02
4.848100000000000023e+02
4.808000000000000114e+02
4.848500000000000227e+02
4.870000000000000000e+02
4.887099999999999795e+02
4.826399999999999864e+02
4.841100000000000136e+02
4.839300000000000068e+02
4.817799999999999727e+02
4.789900000000000091e+02
4.821200000000000045e+02
4.803000000000000114e+02
4.628000000000000114e+02
4.686299999999999955e+02
4.628999999999999773e+02
4.561999999999999886e+02
4.555799999999999841e+02
4.575299999999999727e+02
4.680299999999999727e+02
4.625600000000000023e+02
4.604800000000000182e+02
4.675899999999999750e+02
4.832599999999999909e+02
4.871899999999999977e+02
4.835799999999999841e+02
4.855000000000000000e+02
4.894599999999999795e+02
4.997200000000000273e+02
5.050000000000000000e+02
5.042799999999999727e+02
4.972799999999999727e+02
4.878299999999999841e+02
4.897500000000000000e+02
4.808399999999999750e+02
4.790500000000000114e+02
4.990699999999999932e+02
4.880899999999999750e+02
4.958399999999999750e+02
4.924700000000000273e+02
4.943199999999999932e+02
5.015000000000000000e+02
4.817500000000000000e+02
4.815000000000000000e+02
4.671600000000000250e+02
4.714800000000000182e+02
4.700099999999999909e+02
4.710299999999999727e+02
4.618899999999999864e+02
4.582900000000000205e+02
4.591000000000000227e+02
4.659300000000000068e+02
4.614700000000000273e+02
4.699399999999999977e+02
4.721000000000000227e+02
4.758600000000000136e+02
4.758500000000000227e+02
4.706200000000000045e+02
4.649300000000000068e+02
4.487699999999999818e+02
4.494499999999999886e+02
4.482300000000000182e+02
4.386800000000000068e+02
4.409499999999999886e+02
4.575500000000000114e+02
4.556399999999999864e+02
4.547200000000000273e+02
4.529599999999999795e+02
4.547500000000000000e+02
4.430299999999999727e+02
4.480000000000000000e+02
4.461899999999999977e+02
4.408500000000000227e+02
4.472300000000000182e+02
4.452799999999999727e+02
4.565500000000000114e+02
4.620400000000000205e+02
4.618299999999999841e+02
4.650000000000000000e+02
4.636200000000000045e+02
4.618799999999999955e+02
4.609200000000000159e+02
4.581600000000000250e+02
4.585299999999999727e+02
4.726000000000000227e+02
4.710199999999999818e+02
4.715099999999999909e+02
4.682099999999999795e+02
4.665000000000000000e+02
4.645299999999999727e+02
4.673899999999999864e+02
4.662900000000000205e+02
4.742699999999999818e+02
4.728000000000000114e+02
4.760099999999999909e+02
4.716499999999999773e+02
4.824800000000000182e+02
4.790799999999999841e+02
4.775299999999999727e+02
4.779900000000000091e+02
4.811800000000000068e+02
4.790099999999999909e+02
4.713799999999999955e+02
4.690000000000000000e+02
4.657799999999999727e+02
4.732300000000000182e+02
4.711200000000000045e+02
4.672699999999999818e+02
4.668100000000000023e+02
4.692500000000000000e+02
4.614700000000000273e+02
4.667400000000000091e+02
4.617799999999999727e+02
4.580000000000000000e+02
4.726100000000000136e+02
4.709599999999999795e+02
4.703199999999999932e+02
4.706000000000000227e+02
4.758600000000000136e+02
4.739700000000000273e+02
4.743299999999999841e+02
4.835199999999999818e+02
4.871100000000000136e+02
4.986000000000000227e+02
4.979100000000000250e+02
5.003999999999999773e+02
5.070699999999999932e+02
5.188400000000000318e+02
5.182500000000000000e+02
5.150599999999999454e+02
5.154900000000000091e+02
5.113399999999999750e+02
5.047699999999999818e+02
5.052400000000000091e+02
5.028399999999999750e+02
5.058899999999999864e+02
5.152000000000000455e+02
5.143099999999999454e+02
5.099700000000000273e+02
5.141100000000000136e+02
5.249800000000000182e+02
5.274199999999999591e+02
5.302599999999999909e+02
5.262899999999999636e+02
5.250099999999999909e+02
5.227000000000000455e+02
5.303799999999999955e+02
5.343400000000000318e+02
5.416299999999999955e+02
5.393999999999999773e+02
5.425599999999999454e+02
5.433400000000000318e+02
5.444700000000000273e+02
5.453300000000000409e+02
5.521599999999999682e+02
5.529900000000000091e+02
5.550000000000000000e+02
5.495000000000000000e+02
5.485900000000000318e+02
5.201200000000000045e+02
5.125099999999999909e+02
5.140000000000000000e+02
5.097599999999999909e+02
5.080000000000000000e+02
5.118899999999999864e+02
5.161100000000000136e+02
5.100000000000000000e+02
5.129400000000000546e+02
5.110099999999999909e+02
5.030000000000000000e+02
5.100000000000000000e+02
5.160199999999999818e+02
5.257799999999999727e+02
5.147300000000000182e+02
5.157500000000000000e+02
5.155000000000000000e+02
5.086000000000000227e+02
4.975500000000000114e+02
4.915199999999999818e+02
5.000400000000000205e+02
4.979200000000000159e+02
5.066100000000000136e+02
5.127500000000000000e+02
5.121900000000000546e+02
5.150000000000000000e+02
5.132599999999999909e+02
5.063999999999999773e+02
5.128799999999999955e+02
5.113999999999999773e+02
5.152500000000000000e+02
5.251499999999999773e+02
5.277999999999999545e+02
5.235199999999999818e+02
5.193500000000000227e+02
5.144800000000000182e+02
5.213300000000000409e+02
5.226499999999999773e+02
5.247799999999999727e+02
5.287500000000000000e+02
5.252999999999999545e+02
5.352699999999999818e+02
5.468500000000000227e+02
5.528300000000000409e+02
5.601000000000000227e+02
5.680199999999999818e+02
5.690000000000000000e+02
5.681599999999999682e+02
5.675000000000000000e+02
5.672699999999999818e+02
5.825499999999999545e+02
5.843899999999999864e+02
5.840199999999999818e+02
5.790299999999999727e+02
5.940499999999999545e+02
6.096200000000000045e+02
6.151799999999999500e+02
6.253899999999999864e+02
6.220000000000000000e+02
6.373899999999999864e+02
6.201100000000000136e+02
6.160000000000000000e+02
6.334800000000000182e+02
6.396200000000000045e+02
6.447100000000000364e+02
6.507500000000000000e+02
6.757699999999999818e+02
6.758200000000000500e+02
6.685099999999999909e+02
6.746000000000000227e+02
6.792300000000000182e+02
6.947699999999999818e+02
7.070000000000000000e+02
7.032100000000000364e+02
7.112500000000000000e+02
7.256499999999999773e+02
7.417899999999999636e+02
7.329400000000000546e+02
6.938400000000000318e+02
6.639700000000000273e+02
6.320700000000000500e+02
6.605499999999999545e+02
6.416799999999999500e+02
6.296499999999999773e+02
6.336299999999999955e+02
6.258500000000000227e+02
6.485399999999999636e+02
6.605199999999999818e+02
6.767000000000000455e+02
6.660000000000000000e+02
6.735700000000000500e+02
6.922599999999999909e+02
6.970000000000000000e+02
6.930000000000000000e+02
6.815299999999999727e+02
6.841599999999999682e+02
6.985099999999999909e+02
7.152599999999999909e+02
7.148700000000000045e+02
7.184199999999999591e+02
6.992000000000000455e+02
6.993500000000000227e+02
6.940499999999999545e+02
6.899600000000000364e+02
6.692300000000000182e+02
6.733500000000000227e+02
6.773700000000000045e+02
6.896900000000000546e+02
6.966900000000000546e+02
7.007300000000000182e+02
7.108400000000000318e+02
7.007400000000000091e+02
7.025299999999999727e+02
6.914800000000000182e+02
6.851900000000000546e+02
6.853300000000000409e+02
6.570000000000000000e+02
6.492500000000000000e+02
6.316799999999999500e+02
6.532000000000000455e+02
6.467300000000000182e+02
6.382500000000000000e+02
6.538200000000000500e+02
6.376499999999999773e+02
6.159500000000000455e+02
6.007899999999999636e+02
6.002500000000000000e+02
5.843500000000000227e+02
5.486200000000000045e+02
5.744900000000000091e+02
5.663999999999999773e+02
5.559800000000000182e+02
5.505199999999999818e+02
5.482699999999999818e+02
5.642999999999999545e+02
5.158999999999999773e+02
4.954300000000000068e+02
5.068000000000000114e+02
5.017099999999999795e+02
5.049499999999999886e+02
5.166900000000000546e+02
5.211599999999999682e+02
5.180900000000000318e+02
5.346200000000000045e+02
5.322500000000000000e+02
5.296399999999999864e+02
5.089499999999999886e+02
5.090000000000000000e+02
5.028600000000000136e+02
5.078000000000000114e+02
4.864399999999999977e+02
4.641899999999999977e+02
4.728600000000000136e+02
4.753899999999999864e+02
4.711800000000000068e+02
4.570199999999999818e+02
4.446000000000000227e+02
4.476999999999999886e+02
4.326999999999999886e+02
4.333500000000000227e+02
4.136200000000000045e+02
4.398399999999999750e+02
4.401800000000000068e+02
4.430099999999999909e+02
4.379200000000000159e+02
4.198700000000000045e+02
4.391600000000000250e+02
4.320000000000000000e+02
4.335500000000000114e+02
4.605600000000000023e+02
4.507799999999999727e+02
4.581899999999999977e+02
4.440799999999999841e+02
4.380799999999999841e+02
4.404700000000000273e+02
4.657099999999999795e+02
4.656999999999999886e+02
4.551200000000000045e+02
4.710899999999999750e+02
4.768199999999999932e+02
4.678100000000000023e+02
4.641899999999999977e+02
4.690799999999999841e+02
4.574499999999999886e+02
4.516600000000000250e+02
4.468399999999999750e+02
4.550299999999999727e+02
4.495400000000000205e+02
5.394099999999999682e+02
5.377899999999999636e+02
5.550000000000000000e+02
5.464900000000000091e+02
5.430399999999999636e+02
5.440599999999999454e+02
5.521200000000000045e+02
5.584700000000000273e+02
5.742899999999999636e+02
5.930800000000000409e+02
5.812899999999999636e+02
5.948999999999999773e+02
5.863600000000000136e+02
5.790000000000000000e+02
5.830099999999999909e+02
5.732000000000000455e+02
5.849400000000000546e+02
5.830000000000000000e+02
5.762999999999999545e+02
5.810000000000000000e+02
5.800700000000000500e+02
5.775199999999999818e+02
5.786000000000000227e+02
5.499900000000000091e+02
5.494600000000000364e+02
5.446200000000000045e+02
5.608999999999999773e+02
5.682400000000000091e+02
5.830000000000000000e+02
5.857999999999999545e+02
5.750000000000000000e+02
5.672999999999999545e+02
5.722200000000000273e+02
5.862999999999999545e+02
5.670000000000000000e+02
5.578700000000000045e+02
5.541699999999999591e+02
5.452000000000000455e+02
5.529500000000000455e+02
5.715099999999999909e+02
5.728099999999999454e+02
5.694600000000000364e+02
5.623799999999999955e+02
5.602000000000000455e+02
5.464299999999999500e+02
5.452100000000000364e+02
5.422999999999999545e+02
5.510000000000000000e+02
5.288200000000000500e+02
5.280700000000000500e+02
5.264199999999999591e+02
5.347300000000000182e+02
5.270399999999999636e+02
5.370000000000000000e+02
5.439099999999999682e+02
5.545299999999999727e+02
5.415499999999999545e+02
5.405700000000000500e+02
5.337999999999999545e+02
5.216200000000000045e+02
5.160900000000000318e+02
5.356000000000000227e+02
5.334400000000000546e+02
4.813199999999999932e+02
4.688000000000000114e+02
4.771100000000000136e+02
4.892200000000000273e+02
4.756200000000000045e+02
4.919800000000000182e+02
4.771200000000000045e+02
4.831100000000000136e+02
4.826999999999999886e+02
4.737500000000000000e+02
4.678600000000000136e+02
4.630000000000000000e+02
4.798500000000000227e+02
4.863399999999999750e+02
4.791200000000000045e+02
4.950099999999999909e+02
5.008399999999999750e+02
5.026100000000000136e+02
5.000299999999999727e+02
5.054900000000000091e+02
5.101499999999999773e+02
4.983000000000000114e+02
4.905000000000000000e+02
4.850000000000000000e+02
4.865299999999999727e+02
4.905899999999999750e+02
4.830099999999999909e+02
4.741600000000000250e+02
4.685799999999999841e+02
4.737799999999999727e+02
4.632900000000000205e+02
4.652500000000000000e+02
4.644100000000000250e+02
4.502599999999999909e+02
4.442500000000000000e+02
4.199499999999999886e+02
4.186600000000000250e+02
4.141600000000000250e+02
4.337500000000000000e+02
4.376600000000000250e+02
4.338600000000000136e+02
4.429300000000000068e+02
4.144900000000000091e+02
4.390799999999999841e+02
4.491499999999999773e+02
4.301399999999999864e+02
4.292699999999999818e+02
4.351100000000000136e+02
4.396000000000000227e+02
4.310400000000000205e+02
3.810000000000000000e+02
4.005199999999999818e+02
4.117200000000000273e+02
3.904900000000000091e+02
3.869100000000000250e+02
3.712099999999999795e+02
3.460099999999999909e+02
3.381100000000000136e+02
3.289800000000000182e+02
3.320000000000000000e+02
3.810199999999999818e+02
3.627099999999999795e+02
