1.000000000000000000e+02
1.010100000000000051e+02
1.107500000000000000e+02
1.112399999999999949e+02
1.049599999999999937e+02
1.049500000000000028e+02
1.080999999999999943e+02
1.052800000000000011e+02
1.022999999999999972e+02
1.027000000000000028e+02
9.918999999999999773e+01
1.009500000000000028e+02
1.010100000000000051e+02
1.007399999999999949e+02
1.025300000000000011e+02
1.015999999999999943e+02
1.066299999999999955e+02
1.074500000000000028e+02
1.105600000000000023e+02
1.123400000000000034e+02
1.144200000000000017e+02
1.169500000000000028e+02
1.198100000000000023e+02
1.174000000000000057e+02
1.188400000000000034e+02
1.209399999999999977e+02
1.195600000000000023e+02
1.212999999999999972e+02
1.267000000000000028e+02
1.299000000000000057e+02
1.308000000000000114e+02
1.352500000000000000e+02
1.346599999999999966e+02
1.375500000000000114e+02
1.369199999999999875e+02
1.387199999999999989e+02
1.370000000000000000e+02
1.344399999999999977e+02
1.433199999999999932e+02
1.410099999999999909e+02
1.449300000000000068e+02
1.431999999999999886e+02
1.505000000000000000e+02
1.480300000000000011e+02
1.444000000000000057e+02
1.705399999999999920e+02
1.764000000000000057e+02
1.863400000000000034e+02
1.827199999999999989e+02
1.866800000000000068e+02
1.988899999999999864e+02
1.935500000000000114e+02
1.987800000000000011e+02
1.981800000000000068e+02
1.884399999999999977e+02
1.819799999999999898e+02
1.709300000000000068e+02
1.740999999999999943e+02
1.706699999999999875e+02
1.691299999999999955e+02
1.852299999999999898e+02
1.804499999999999886e+02
1.775000000000000000e+02
1.690200000000000102e+02
1.702899999999999920e+02
1.690999999999999943e+02
1.644699999999999989e+02
1.679699999999999989e+02
1.748199999999999932e+02
1.758000000000000114e+02
1.803600000000000136e+02
1.807100000000000080e+02
1.819499999999999886e+02
1.799000000000000057e+02
1.799499999999999886e+02
1.791299999999999955e+02
1.760000000000000000e+02
1.703499999999999943e+02
1.702500000000000000e+02
1.734300000000000068e+02
1.721699999999999875e+02
1.710000000000000000e+02
1.779900000000000091e+02
1.769499999999999886e+02
1.767599999999999909e+02
1.820000000000000000e+02
1.863100000000000023e+02
1.839000000000000057e+02
1.874499999999999886e+02
1.891500000000000057e+02
1.921100000000000136e+02
1.917800000000000011e+02
1.929699999999999989e+02
1.992299999999999898e+02
1.974000000000000057e+02
2.014000000000000057e+02
1.934499999999999886e+02
1.950800000000000125e+02
1.906399999999999864e+02
1.945000000000000000e+02
1.956200000000000045e+02
1.943300000000000125e+02
1.953799999999999955e+02
1.960000000000000000e+02
2.009699999999999989e+02
2.046500000000000057e+02
1.925000000000000000e+02
1.945399999999999920e+02
1.886899999999999977e+02
1.819399999999999977e+02
1.792700000000000102e+02
1.887599999999999909e+02
1.900200000000000102e+02
1.936899999999999977e+02
1.943799999999999955e+02
2.155500000000000114e+02
2.059900000000000091e+02
2.064699999999999989e+02
2.052599999999999909e+02
1.969600000000000080e+02
2.007599999999999909e+02
1.919699999999999989e+02
1.866599999999999966e+02
1.828499999999999943e+02
1.935999999999999943e+02
1.946999999999999886e+02
1.978300000000000125e+02
1.985099999999999909e+02
1.965000000000000000e+02
1.933000000000000114e+02
1.833700000000000045e+02
1.891500000000000057e+02
1.860000000000000000e+02
1.892899999999999920e+02
1.859499999999999886e+02
1.861299999999999955e+02
1.866999999999999886e+02
1.877800000000000011e+02
1.890999999999999943e+02
1.842100000000000080e+02
1.810099999999999909e+02
1.804399999999999977e+02
1.783300000000000125e+02
1.753000000000000114e+02
1.766999999999999886e+02
1.771299999999999955e+02
1.788100000000000023e+02
1.792700000000000102e+02
1.811800000000000068e+02
1.779699999999999989e+02
1.806999999999999886e+02
1.816800000000000068e+02
1.810500000000000114e+02
1.806399999999999864e+02
1.779499999999999886e+02
1.817599999999999909e+02
1.799499999999999886e+02
1.877299999999999898e+02
1.892400000000000091e+02
1.887800000000000011e+02
1.936899999999999977e+02
1.930900000000000034e+02
1.930000000000000000e+02
1.934699999999999989e+02
1.932700000000000102e+02
1.900999999999999943e+02
1.845800000000000125e+02
1.893300000000000125e+02
1.985800000000000125e+02
2.004199999999999875e+02
2.229000000000000057e+02
2.178199999999999932e+02
2.202199999999999989e+02
2.179900000000000091e+02
2.195000000000000000e+02
2.219099999999999966e+02
2.220500000000000114e+02
2.218499999999999943e+02
2.272299999999999898e+02
2.286200000000000045e+02
2.284000000000000057e+02
2.280000000000000000e+02
2.254699999999999989e+02
2.289699999999999989e+02
2.308100000000000023e+02
2.291800000000000068e+02
2.296800000000000068e+02
2.305600000000000023e+02
2.336100000000000136e+02
2.403400000000000034e+02
2.412100000000000080e+02
2.431599999999999966e+02
2.569599999999999795e+02
2.527299999999999898e+02
2.609599999999999795e+02
2.604599999999999795e+02
2.694300000000000068e+02
2.831999999999999886e+02
2.887300000000000182e+02
2.867900000000000205e+02
2.823899999999999864e+02
2.971000000000000227e+02
2.928500000000000227e+02
2.847200000000000273e+02
2.869900000000000091e+02
2.798199999999999932e+02
2.785899999999999750e+02
2.750000000000000000e+02
2.742599999999999909e+02
2.790000000000000000e+02
2.760899999999999750e+02
2.880699999999999932e+02
2.896700000000000159e+02
2.880000000000000000e+02
2.908999999999999773e+02
2.988999999999999773e+02
3.062799999999999727e+02
3.025000000000000000e+02
2.943399999999999750e+02
2.950400000000000205e+02
2.921000000000000227e+02
2.973000000000000114e+02
2.893899999999999864e+02
2.962500000000000000e+02
2.963999999999999773e+02
2.933899999999999864e+02
2.925099999999999909e+02
3.053399999999999750e+02
3.012400000000000091e+02
3.000000000000000000e+02
3.021000000000000227e+02
3.055699999999999932e+02
3.140500000000000114e+02
3.063700000000000045e+02
3.023899999999999864e+02
2.950099999999999909e+02
2.977400000000000091e+02
2.974100000000000250e+02
2.921399999999999864e+02
2.881200000000000045e+02
2.916000000000000227e+02
2.980000000000000000e+02
2.955500000000000114e+02
2.975000000000000000e+02
2.936000000000000227e+02
2.919599999999999795e+02
2.913000000000000114e+02
2.858899999999999864e+02
2.833600000000000136e+02
2.898000000000000114e+02
2.848799999999999955e+02
2.855099999999999909e+02
2.759100000000000250e+02
2.809900000000000091e+02
2.812400000000000091e+02
2.761600000000000250e+02
2.775699999999999932e+02
2.825500000000000114e+02
2.834800000000000182e+02
2.822400000000000091e+02
2.873899999999999864e+02
2.882300000000000182e+02
2.859100000000000250e+02
2.865099999999999909e+02
2.890000000000000000e+02
2.858899999999999864e+02
2.948299999999999841e+02
2.972799999999999727e+02
3.017500000000000000e+02
3.090000000000000000e+02
3.087300000000000182e+02
2.995199999999999818e+02
3.040199999999999818e+02
3.010000000000000000e+02
3.061499999999999773e+02
3.084100000000000250e+02
3.115000000000000000e+02
3.130000000000000000e+02
3.195000000000000000e+02
3.149499999999999886e+02
3.142200000000000273e+02
3.066800000000000068e+02
3.142200000000000273e+02
3.136299999999999955e+02
3.199499999999999886e+02
3.126899999999999977e+02
3.141399999999999864e+02
3.147900000000000205e+02
3.133100000000000023e+02
3.106100000000000136e+02
3.051999999999999886e+02
3.020000000000000000e+02
2.998999999999999773e+02
2.975000000000000000e+02
3.049599999999999795e+02
3.040000000000000000e+02
3.099900000000000091e+02
3.458000000000000114e+02
3.433700000000000045e+02
3.457799999999999727e+02
3.462799999999999727e+02
3.566000000000000227e+02
3.552699999999999818e+02
3.602400000000000091e+02
3.718600000000000136e+02
3.816999999999999886e+02
3.824100000000000250e+02
3.899800000000000182e+02
3.951000000000000227e+02
3.942500000000000000e+02
3.866700000000000159e+02
3.783600000000000136e+02
3.951200000000000045e+02
3.921200000000000045e+02
3.943799999999999955e+02
3.961999999999999886e+02
4.018000000000000114e+02
4.034900000000000091e+02
3.991700000000000159e+02
4.086499999999999773e+02
4.170400000000000205e+02
4.257799999999999727e+02
4.298199999999999932e+02
4.244599999999999795e+02
4.042599999999999909e+02
4.091999999999999886e+02
4.169399999999999977e+02
4.170000000000000000e+02
4.086999999999999886e+02
4.061600000000000250e+02
4.053000000000000114e+02
4.150000000000000000e+02
4.146299999999999955e+02
4.125000000000000000e+02
4.170400000000000205e+02
4.191100000000000136e+02
4.253399999999999750e+02
4.321999999999999886e+02
4.278600000000000136e+02
4.335500000000000114e+02
4.317699999999999818e+02
4.321499999999999773e+02
4.318600000000000136e+02
4.243399999999999750e+02
4.279800000000000182e+02
4.172699999999999818e+02
4.225199999999999818e+02
4.438999999999999773e+02
4.460000000000000000e+02
4.568700000000000045e+02
4.664100000000000250e+02
4.644200000000000159e+02
4.712699999999999818e+02
4.737200000000000273e+02
4.643100000000000023e+02
4.630600000000000023e+02
4.473000000000000114e+02
4.511700000000000159e+02
4.386999999999999886e+02
4.073799999999999955e+02
4.360299999999999727e+02
4.512599999999999909e+02
4.395400000000000205e+02
4.350000000000000000e+02
4.292300000000000182e+02
4.305699999999999932e+02
3.890299999999999727e+02
4.038199999999999932e+02
3.936200000000000045e+02
3.853100000000000023e+02
3.829900000000000091e+02
3.684800000000000182e+02
3.711999999999999886e+02
3.619499999999999886e+02
3.466399999999999864e+02
3.453299999999999841e+02
3.412699999999999818e+02
3.456700000000000159e+02
3.698600000000000136e+02
3.664399999999999977e+02
3.671499999999999773e+02
3.656100000000000136e+02
3.773000000000000114e+02
3.812699999999999818e+02
3.931999999999999886e+02
3.685600000000000023e+02
3.642799999999999727e+02
3.843000000000000114e+02
3.809100000000000250e+02
3.650199999999999818e+02
3.539300000000000068e+02
3.553899999999999864e+02
3.435000000000000000e+02
3.409300000000000068e+02
3.371399999999999864e+02
3.507699999999999818e+02
3.486100000000000136e+02
3.388000000000000114e+02
3.423399999999999750e+02
3.500099999999999909e+02
3.397500000000000000e+02
3.423500000000000227e+02
3.686200000000000045e+02
3.670899999999999750e+02
3.717099999999999795e+02
3.799399999999999977e+02
3.891899999999999977e+02
3.887400000000000091e+02
3.895299999999999727e+02
3.898999999999999773e+02
4.081999999999999886e+02
4.064900000000000091e+02
4.124100000000000250e+02
4.070799999999999841e+02
4.164200000000000159e+02
4.090000000000000000e+02
4.086299999999999955e+02
4.034499999999999886e+02
4.079300000000000068e+02
4.125699999999999932e+02
4.110099999999999909e+02
4.488999999999999773e+02
4.393999999999999773e+02
4.396299999999999955e+02
4.277400000000000091e+02
4.229100000000000250e+02
4.186299999999999955e+02
4.184700000000000273e+02
4.010799999999999841e+02
3.963500000000000227e+02
3.950299999999999727e+02
3.976000000000000227e+02
3.951100000000000136e+02
3.956999999999999886e+02
4.083100000000000023e+02
4.034200000000000159e+02
3.835400000000000205e+02
3.759300000000000068e+02
3.759900000000000091e+02
3.706100000000000136e+02
3.787799999999999727e+02
3.732799999999999727e+02
3.678500000000000227e+02
3.742099999999999795e+02
3.773500000000000227e+02
3.790799999999999841e+02
3.845500000000000114e+02
3.782799999999999727e+02
3.738000000000000114e+02
3.735400000000000205e+02
3.868399999999999750e+02
3.761800000000000068e+02
3.765799999999999841e+02
3.932400000000000091e+02
3.877500000000000000e+02
3.921899999999999977e+02
3.883399999999999750e+02
3.808999999999999773e+02
3.898299999999999841e+02
3.866200000000000045e+02
3.891000000000000227e+02
3.908500000000000227e+02
3.880299999999999727e+02
3.910600000000000023e+02
4.015799999999999841e+02
4.027599999999999909e+02
4.067500000000000000e+02
4.057099999999999795e+02
4.040099999999999909e+02
4.079900000000000091e+02
4.156000000000000227e+02
4.200400000000000205e+02
4.215199999999999818e+02
4.233799999999999955e+02
4.260500000000000114e+02
4.234399999999999977e+02
4.185099999999999909e+02
4.220899999999999750e+02
4.140000000000000000e+02
4.103299999999999841e+02
4.046299999999999955e+02
4.097500000000000000e+02
3.950099999999999909e+02
4.042799999999999727e+02
3.861399999999999864e+02
3.928199999999999932e+02
3.850199999999999818e+02
3.881999999999999886e+02
3.873700000000000045e+02
3.820000000000000000e+02
3.880000000000000000e+02
3.851100000000000136e+02
3.756000000000000227e+02
3.649800000000000182e+02
3.795600000000000023e+02
3.715000000000000000e+02
3.828199999999999932e+02
3.828000000000000114e+02
3.738799999999999955e+02
3.743999999999999773e+02
3.715000000000000000e+02
3.741100000000000136e+02
3.834800000000000182e+02
3.863899999999999864e+02
3.863100000000000023e+02
3.781000000000000227e+02
3.777300000000000182e+02
3.776399999999999864e+02
3.744399999999999977e+02
3.730799999999999841e+02
3.756100000000000136e+02
3.807799999999999727e+02
3.792099999999999795e+02
3.814900000000000091e+02
3.809900000000000091e+02
3.798700000000000045e+02
3.821000000000000227e+02
3.793899999999999864e+02
3.767200000000000273e+02
3.782599999999999909e+02
3.850000000000000000e+02
3.951499999999999773e+02
4.043000000000000114e+02
4.074800000000000182e+02
4.100000000000000000e+02
4.154599999999999795e+02
4.071000000000000227e+02
4.003000000000000114e+02
4.049800000000000182e+02
4.055799999999999841e+02
4.055000000000000000e+02
4.063000000000000114e+02
4.040799999999999841e+02
4.051299999999999955e+02
4.018999999999999773e+02
4.012900000000000205e+02
4.049700000000000273e+02
4.146999999999999886e+02
4.102200000000000273e+02
4.248000000000000114e+02
4.315600000000000023e+02
4.250199999999999818e+02
4.285600000000000023e+02
4.277599999999999909e+02
4.276999999999999886e+02
4.203000000000000114e+02
4.229900000000000091e+02
4.202300000000000182e+02
4.589900000000000091e+02
4.622799999999999727e+02
4.762799999999999727e+02
4.774900000000000091e+02
4.876800000000000068e+02
4.838999999999999773e+02
4.748199999999999932e+02
4.780600000000000023e+02
4.787599999999999909e+02
4.675000000000000000e+02
4.722300000000000182e+02
4.737699999999999818e+02
4.769499999999999886e+02
4.703500000000000227e+02
4.765000000000000000e+02
4.737799999999999727e+02
4.748999999999999773e+02
4.806999999999999886e+02
4.934300000000000068e+02
4.950000000000000000e+02
4.932500000000000000e+02
4.983999999999999773e+02
4.965400000000000205e+02
5.109700000000000273e+02
5.045000000000000000e+02
5.013700000000000045e+02
4.811299999999999955e+02
4.942400000000000091e+02
4.841899999999999977e+02
4.859800000000000182e+02
4.830000000000000000e+02
4.873999999999999773e+02
4.869599999999999795e+02
4.902300000000000182e+02
4.819399999999999977e+02
4.849200000000000159e+02
4.838500000000000227e+02
4.846899999999999977e+02
4.802500000000000000e+02
4.826399999999999864e+02
4.825099999999999909e+02
4.617200000000000273e+02
4.700000000000000000e+02
4.641800000000000068e+02
4.575000000000000000e+02
4.565199999999999818e+02
4.600000000000000000e+02
4.671200000000000045e+02
4.621000000000000227e+02
4.660000000000000000e+02
4.690000000000000000e+02
4.825000000000000000e+02
4.876899999999999977e+02
4.854499999999999886e+02
4.844300000000000068e+02
4.971999999999999886e+02
5.019900000000000091e+02
5.075500000000000114e+02
5.033899999999999864e+02
4.945199999999999818e+02
4.879800000000000182e+02
4.925000000000000000e+02
4.807900000000000205e+02
4.844499999999999886e+02
5.010000000000000000e+02
4.909300000000000068e+02
4.980000000000000000e+02
4.940000000000000000e+02
4.964900000000000091e+02
5.060000000000000000e+02
4.826100000000000136e+02
4.775000000000000000e+02
4.681000000000000227e+02
4.738199999999999932e+02
4.680500000000000114e+02
4.716499999999999773e+02
4.606800000000000068e+02
4.591499999999999773e+02
4.600000000000000000e+02
4.660000000000000000e+02
4.628000000000000114e+02
4.684700000000000273e+02
4.698399999999999750e+02
4.786899999999999977e+02
4.757500000000000000e+02
4.728299999999999841e+02
4.550000000000000000e+02
4.504100000000000250e+02
4.426700000000000159e+02
4.451100000000000136e+02
4.370199999999999818e+02
4.474700000000000273e+02
4.626899999999999977e+02
4.592200000000000273e+02
4.580000000000000000e+02
4.525699999999999932e+02
4.501100000000000136e+02
4.432300000000000182e+02
4.478600000000000136e+02
4.456499999999999773e+02
4.432500000000000000e+02
4.457900000000000205e+02
4.453000000000000114e+02
4.556100000000000136e+02
4.614499999999999886e+02
4.605500000000000114e+02
4.635500000000000114e+02
4.618700000000000045e+02
4.645500000000000114e+02
4.621000000000000227e+02
4.577599999999999909e+02
4.640500000000000114e+02
4.721399999999999864e+02
4.713000000000000114e+02
4.729800000000000182e+02
4.670899999999999750e+02
4.660600000000000023e+02
4.640000000000000000e+02
4.684499999999999886e+02
4.684599999999999795e+02
4.738000000000000114e+02
4.712599999999999909e+02
4.745000000000000000e+02
4.905199999999999818e+02
4.801000000000000227e+02
4.786100000000000136e+02
4.800000000000000000e+02
4.781000000000000227e+02
4.800699999999999932e+02
4.791499999999999773e+02
4.721899999999999977e+02
4.686499999999999773e+02
4.662200000000000273e+02
4.701200000000000045e+02
4.721399999999999864e+02
4.661299999999999955e+02
4.661499999999999773e+02
4.670400000000000205e+02
4.618299999999999841e+02
4.654800000000000182e+02
4.619599999999999795e+02
4.620000000000000000e+02
4.724599999999999795e+02
4.720299999999999727e+02
4.695299999999999727e+02
4.730000000000000000e+02
4.808199999999999932e+02
4.751499999999999773e+02
4.796999999999999886e+02
4.850000000000000000e+02
4.845000000000000000e+02
5.005600000000000023e+02
5.010000000000000000e+02
4.979100000000000250e+02
5.097500000000000000e+02
5.167500000000000000e+02
5.197500000000000000e+02
5.162000000000000455e+02
5.140199999999999818e+02
5.087099999999999795e+02
5.070899999999999750e+02
5.053799999999999955e+02
5.081899999999999977e+02
5.061800000000000068e+02
5.140099999999999909e+02
5.169600000000000364e+02
5.109800000000000182e+02
5.164199999999999591e+02
5.289800000000000182e+02
5.327300000000000182e+02
5.250000000000000000e+02
5.248799999999999955e+02
5.260199999999999818e+02
5.254900000000000091e+02
5.310599999999999454e+02
5.355599999999999454e+02
5.412500000000000000e+02
5.430000000000000000e+02
5.437899999999999636e+02
5.436100000000000136e+02
5.458600000000000136e+02
5.479099999999999682e+02
5.502999999999999545e+02
5.550399999999999636e+02
5.538899999999999864e+02
5.534600000000000364e+02
5.118999999999999773e+02
5.190099999999999909e+02
5.093000000000000114e+02
5.169800000000000182e+02
5.087400000000000091e+02
5.085299999999999727e+02
5.129199999999999591e+02
5.202300000000000182e+02
5.105000000000000000e+02
5.137200000000000273e+02
5.100500000000000114e+02
5.030000000000000000e+02
5.097500000000000000e+02
5.193400000000000318e+02
5.207999999999999545e+02
5.101800000000000068e+02
5.195399999999999636e+02
5.157200000000000273e+02
5.090000000000000000e+02
4.920199999999999818e+02
4.974399999999999977e+02
5.024599999999999795e+02
4.989399999999999977e+02
5.099599999999999795e+02
5.160000000000000000e+02
5.126100000000000136e+02
5.144299999999999500e+02
5.115299999999999727e+02
5.078399999999999750e+02
5.123600000000000136e+02
5.131000000000000227e+02
5.150199999999999818e+02
5.233999999999999773e+02
5.293600000000000136e+02
5.178600000000000136e+02
5.212799999999999727e+02
5.169900000000000091e+02
5.205299999999999727e+02
5.240599999999999454e+02
5.232000000000000455e+02
5.265299999999999727e+02
5.265199999999999818e+02
5.392699999999999818e+02
5.470000000000000000e+02
5.563400000000000318e+02
5.610000000000000000e+02
5.640000000000000000e+02
5.703999999999999773e+02
5.717300000000000182e+02
5.670000000000000000e+02
5.699700000000000273e+02
5.833799999999999955e+02
5.862500000000000000e+02
5.850900000000000318e+02
5.871100000000000136e+02
5.950000000000000000e+02
6.151100000000000136e+02
6.213600000000000136e+02
6.336399999999999864e+02
6.239800000000000182e+02
6.384700000000000273e+02
6.184900000000000091e+02
6.304500000000000455e+02
6.354099999999999682e+02
6.545599999999999454e+02
6.386699999999999591e+02
6.612500000000000000e+02
6.727100000000000364e+02
6.786799999999999500e+02
6.740299999999999727e+02
6.777699999999999818e+02
6.775099999999999909e+02
7.006900000000000546e+02
7.027899999999999636e+02
7.105099999999999909e+02
7.069900000000000091e+02
7.375599999999999454e+02
7.411299999999999955e+02
7.346000000000000227e+02
6.757799999999999727e+02
6.577400000000000091e+02
6.449900000000000091e+02
6.732799999999999727e+02
6.385700000000000500e+02
6.339400000000000546e+02
6.295900000000000318e+02
6.364800000000000182e+02
6.437699999999999818e+02
6.700000000000000000e+02
6.802000000000000455e+02
6.747999999999999545e+02
6.821100000000000136e+02
6.907500000000000000e+02
7.110000000000000000e+02
6.910099999999999909e+02
6.783099999999999454e+02
6.927300000000000182e+02
6.977999999999999545e+02
7.149900000000000091e+02
7.159900000000000091e+02
7.199400000000000546e+02
7.140000000000000000e+02
6.963099999999999454e+02
6.875099999999999909e+02
6.880000000000000000e+02
6.741599999999999682e+02
6.742100000000000364e+02
6.858300000000000409e+02
6.978799999999999955e+02
6.949900000000000091e+02
6.989900000000000091e+02
7.070700000000000500e+02
7.049299999999999500e+02
6.985700000000000500e+02
6.928700000000000045e+02
6.852599999999999909e+02
6.796900000000000546e+02
6.539400000000000546e+02
6.530000000000000000e+02
6.300399999999999636e+02
6.450099999999999909e+02
6.427000000000000455e+02
6.511399999999999864e+02
6.458999999999999773e+02
6.289700000000000273e+02
6.207599999999999909e+02
6.083600000000000136e+02
5.620299999999999727e+02
5.607100000000000364e+02
5.587999999999999545e+02
5.918099999999999454e+02
5.709700000000000273e+02
5.604700000000000273e+02
5.491900000000000546e+02
5.390099999999999909e+02
5.286699999999999591e+02
5.090699999999999932e+02
4.894300000000000068e+02
5.111399999999999864e+02
4.968600000000000136e+02
5.094100000000000250e+02
5.205199999999999818e+02
5.233899999999999864e+02
5.225000000000000000e+02
5.383500000000000227e+02
5.283099999999999454e+02
5.349400000000000546e+02
5.035099999999999909e+02
5.128500000000000227e+02
5.020600000000000023e+02
5.059499999999999886e+02
4.611999999999999886e+02
4.601299999999999955e+02
4.705000000000000000e+02
4.718700000000000045e+02
4.715099999999999909e+02
4.509499999999999886e+02
4.452500000000000000e+02
4.476899999999999977e+02
4.288799999999999955e+02
4.288299999999999841e+02
4.252599999999999909e+02
4.400099999999999909e+02
4.326700000000000159e+02
4.429800000000000182e+02
4.279900000000000091e+02
4.289800000000000182e+02
4.411100000000000136e+02
4.273199999999999932e+02
4.384300000000000068e+02
4.574599999999999795e+02
4.525899999999999750e+02
4.460000000000000000e+02
4.474599999999999795e+02
4.356399999999999864e+02
4.477400000000000091e+02
4.698999999999999773e+02
4.617300000000000182e+02
4.570099999999999909e+02
4.770299999999999727e+02
4.730400000000000205e+02
4.691299999999999955e+02
4.649599999999999795e+02
4.640699999999999932e+02
4.571600000000000250e+02
4.581299999999999955e+02
4.443999999999999773e+02
4.556299999999999955e+02
5.352100000000000364e+02
5.393899999999999864e+02
5.375700000000000500e+02
5.579400000000000546e+02
5.512899999999999636e+02
5.490199999999999818e+02
5.458799999999999955e+02
5.508300000000000409e+02
5.622100000000000364e+02
5.783099999999999454e+02
5.984900000000000091e+02
5.988600000000000136e+02
5.910000000000000000e+02
5.902699999999999818e+02
5.862000000000000455e+02
5.790000000000000000e+02
5.747500000000000000e+02
5.862300000000000182e+02
5.864900000000000091e+02
5.790000000000000000e+02
5.814299999999999500e+02
5.785499999999999545e+02
5.746299999999999955e+02
5.785199999999999818e+02
5.519500000000000455e+02
5.469600000000000364e+02
5.449600000000000364e+02
5.679400000000000546e+02
5.747899999999999636e+02
5.834700000000000273e+02
5.825000000000000000e+02
5.765000000000000000e+02
5.653300000000000409e+02
5.770800000000000409e+02
5.797500000000000000e+02
5.680599999999999454e+02
5.495599999999999454e+02
5.562400000000000091e+02
5.487599999999999909e+02
5.614900000000000091e+02
5.665000000000000000e+02
5.763500000000000227e+02
5.645099999999999909e+02
5.553500000000000227e+02
5.569800000000000182e+02
5.453600000000000136e+02
5.451399999999999864e+02
5.449700000000000273e+02
5.441000000000000227e+02
5.276799999999999500e+02
5.324700000000000273e+02
5.195800000000000409e+02
5.365099999999999909e+02
5.308799999999999955e+02
5.422999999999999545e+02
5.459900000000000091e+02
5.507599999999999909e+02
5.450000000000000000e+02
5.365000000000000000e+02
5.390000000000000000e+02
5.162799999999999727e+02
5.140399999999999636e+02
5.341599999999999682e+02
4.983500000000000227e+02
4.808799999999999955e+02
4.667200000000000273e+02
4.816100000000000136e+02
4.966999999999999886e+02
4.864900000000000091e+02
4.920899999999999750e+02
4.793000000000000114e+02
4.855000000000000000e+02
4.745600000000000023e+02
4.725099999999999909e+02
4.681200000000000045e+02
4.675899999999999750e+02
4.783700000000000045e+02
4.820000000000000000e+02
4.801499999999999773e+02
4.924700000000000273e+02
5.020000000000000000e+02
5.016000000000000227e+02
4.976999999999999886e+02
5.069900000000000091e+02
5.098399999999999750e+02
4.904300000000000068e+02
4.947200000000000273e+02
4.829200000000000159e+02
4.915000000000000000e+02
4.861100000000000136e+02
4.834599999999999795e+02
4.737300000000000182e+02
4.724900000000000091e+02
4.697500000000000000e+02
4.767699999999999818e+02
4.687300000000000182e+02
4.600000000000000000e+02
4.454900000000000091e+02
4.520199999999999818e+02
4.231700000000000159e+02
4.244700000000000273e+02
4.083500000000000227e+02
4.302099999999999795e+02
4.240000000000000000e+02
4.259599999999999795e+02
4.384800000000000182e+02
4.226399999999999864e+02
4.610000000000000000e+02
4.541299999999999955e+02
4.332500000000000000e+02
4.303399999999999750e+02
4.388399999999999750e+02
4.280000000000000000e+02
4.195099999999999909e+02
3.959800000000000182e+02
4.111499999999999773e+02
4.097900000000000205e+02
3.973500000000000227e+02
3.739800000000000182e+02
3.733299999999999841e+02
3.301600000000000250e+02
3.445199999999999818e+02
3.131600000000000250e+02
3.557900000000000205e+02
3.935299999999999727e+02
